$ANSIBLE_VAULT;1.1;AES256
62333035616236393662666537656134316238663061323364623964376632323138616237616439
3866633831363934653932623162306365653239303436310a333861626136346462663032356130
65353333396264353933303834326437383335643265613239393232393762353935353432366233
3737666165353039340a616136666364326365376435376132333833633236323130613535333261
63336231346533373538313031363665663432633634383733626465383734633132323138616564
31633333613938396564623937653362313536333039623530663339613830323130386262623761
36643761313432313663306166336133643434656461343930313735303565623238323932383565
37666462356238646163353830383162376639666530333035366164316634373361313366626463
33626462333038323565343762643365303737316633663939663638343463323635656266666130
62356661666361373535356532636635323962663432386530633862313834343930373463313131
663132346561326432613366386165643135
